  1.0000000e+000  1.0000000e+000  4.0158844e+000  4.3918991e+000  4.7679138e+000  5.1439285e+000  5.5199432e+000
  1.0000000e+000  2.0000000e+000  2.0230865e+000  2.2094345e+000  2.3957825e+000  2.5821304e+000  2.7684784e+000
  1.0000000e+000  3.0000000e+000  1.3730621e+000  1.4993668e+000  1.6256714e+000  1.7519760e+000  1.8782806e+000
  1.0000000e+000  4.0000000e+000  1.0547638e+000  1.1521149e+000  1.2494659e+000  1.3468170e+000  1.4441681e+000
  1.0000000e+000  5.0000000e+000  8.6616516e-001  9.4505310e-001  1.0239410e+000  1.1028290e+000  1.1817169e+000
  2.0000000e+000  2.0000000e+000  1.0190582e+000  1.1120605e+000  1.2050629e+000  1.2980652e+000  1.3910675e+000
  2.0000000e+000  3.0000000e+000  6.9602966e-001  7.5878143e-001  8.2153320e-001  8.8428497e-001  9.4703674e-001
  2.0000000e+000  4.0000000e+000  5.4084778e-001  5.8837891e-001  6.3591003e-001  6.8344116e-001  7.3097229e-001
  2.0000000e+000  5.0000000e+000  4.5143127e-001  4.8881531e-001  5.2619934e-001  5.6358337e-001  6.0096741e-001
  3.0000000e+000  3.0000000e+000  4.8484802e-001  5.2600861e-001  5.6716919e-001  6.0832977e-001  6.4949036e-001
  3.0000000e+000  4.0000000e+000  3.8917542e-001  4.1862488e-001  4.4807434e-001  4.7752380e-001  5.0697327e-001
  3.0000000e+000  5.0000000e+000  3.3439636e-001  3.5678864e-001  3.7918091e-001  4.0157318e-001  4.2396545e-001
  4.0000000e+000  4.0000000e+000  3.2035828e-001  3.4091949e-001  3.6148071e-001  3.8204193e-001  4.0260315e-001
  4.0000000e+000  5.0000000e+000  2.7931213e-001  2.9594421e-001  3.1257629e-001  3.2920837e-001  3.4584045e-001
  5.0000000e+000  5.0000000e+000  2.4543762e-001  2.5951385e-001  2.7359009e-001  2.8766632e-001  3.0174255e-001
  2.0000000e+000  8.0000000e+000  3.2341003e-001  3.4465790e-001  3.6590576e-001  3.8715363e-001  4.0840149e-001
