  1.0000000e+000  1.0000000e+000  3.0583954e+000  3.3530045e+000  3.6476135e+000  3.9422226e+000  4.2368317e+000
  1.0000000e+000  2.0000000e+000  1.5470123e+000  1.6908264e+000  1.8346405e+000  1.9784546e+000  2.1222687e+000
  1.0000000e+000  3.0000000e+000  1.0663605e+000  1.1575699e+000  1.2487793e+000  1.3399887e+000  1.4311981e+000
  1.0000000e+000  4.0000000e+000  8.3488464e-001  9.0099335e-001  9.6710205e-001  1.0332108e+000  1.0993195e+000
  1.0000000e+000  5.0000000e+000  6.9862366e-001  7.5057983e-001  8.0253601e-001  8.5449219e-001  9.0644836e-001
  2.0000000e+000  2.0000000e+000  7.8849792e-001  8.5823059e-001  9.2796326e-001  9.9769592e-001  1.0674286e+000
  2.0000000e+000  3.0000000e+000  5.6053162e-001  6.0291290e-001  6.4529419e-001  6.8767548e-001  7.3005676e-001
  2.0000000e+000  4.0000000e+000  4.5722961e-001  4.8702240e-001  5.1681519e-001  5.4660797e-001  5.7640076e-001
  2.0000000e+000  5.0000000e+000  3.9710999e-001  4.2091370e-001  4.4471741e-001  4.6852112e-001  4.9232483e-001
  3.0000000e+000  3.0000000e+000  4.2213440e-001  4.4795990e-001  4.7378540e-001  4.9961090e-001  5.2543640e-001
  3.0000000e+000  4.0000000e+000  3.5530090e-001  3.7574768e-001  3.9619446e-001  4.1664124e-001  4.3708801e-001
  3.0000000e+000  5.0000000e+000  3.1333923e-001  3.3103943e-001  3.4873962e-001  3.6643982e-001  3.8414001e-001
  4.0000000e+000  4.0000000e+000  3.0235291e-001  3.1944275e-001  3.3653259e-001  3.5362244e-001  3.7071228e-001
  4.0000000e+000  5.0000000e+000  2.6786804e-001  2.8289795e-001  2.9792786e-001  3.1295776e-001  3.2798767e-001
  5.0000000e+000  5.0000000e+000  2.3796082e-001  2.5123596e-001  2.6451111e-001  2.7778625e-001  2.9106140e-001
  2.0000000e+000  8.0000000e+000  3.0296326e-001  3.2009125e-001  3.3721924e-001  3.5434723e-001  3.7147522e-001
