   1.0000000e+00   1.0000000e+00   9.9989509e-03   3.6659644e-03   1.2192950e-03   3.6722911e-04   1.0000653e-04
   1.0000000e+00   2.0000000e+00   1.0001601e-02   3.9914194e-03   1.4242371e-03   4.1797490e-04   9.9992174e-05
   1.0000000e+00   3.0000000e+00   9.9963834e-03   3.8818052e-03   1.3787246e-03   4.1377452e-04   1.0004073e-04
   1.0000000e+00   4.0000000e+00   1.0000505e-02   3.7698706e-03   1.3175136e-03   4.0182887e-04   1.0005940e-04
   1.0000000e+00   5.0000000e+00   1.0005456e-02   3.6885839e-03   1.2731110e-03   3.9110244e-04   9.9911053e-05
   2.0000000e+00   2.0000000e+00   1.0000607e-02   3.9095824e-03   1.3947391e-03   4.1254179e-04   9.9983813e-05
   2.0000000e+00   3.0000000e+00   1.0010404e-02   3.6967357e-03   1.3004278e-03   3.9572599e-04   1.0001853e-04
   2.0000000e+00   4.0000000e+00   9.9868606e-03   3.4465136e-03   1.1738791e-03   3.6706850e-04   9.9938320e-05
   2.0000000e+00   5.0000000e+00   1.0017735e-02   3.3053327e-03   1.0893496e-03   3.4507086e-04   1.0020229e-04
   3.0000000e+00   3.0000000e+00   9.9907485e-03   3.3218608e-03   1.1208996e-03   3.5473820e-04   9.9860396e-05
   3.0000000e+00   4.0000000e+00   9.9797544e-03   3.2086517e-03   1.0249404e-03   3.2579885e-04   1.0003841e-04
   3.0000000e+00   5.0000000e+00   9.9865387e-03   3.2715721e-03   1.0295774e-03   3.2076845e-04   9.9651799e-05
   4.0000000e+00   4.0000000e+00   1.0018172e-02   3.3098876e-03   1.0433935e-03   3.2355669e-04   1.0010365e-04
   4.0000000e+00   5.0000000e+00   9.9912391e-03   3.3269032e-03   1.0455976e-03   3.2197569e-04   9.9585958e-05
   5.0000000e+00   5.0000000e+00   9.9539602e-03   3.3134736e-03   1.0411593e-03   3.2173929e-04   1.0040286e-04
   2.0000000e+00   8.0000000e+00   9.9924824e-03   3.3067558e-03   1.0479465e-03   3.2504081e-04   9.9633322e-05
