  1.0000000e+000  1.0000000e+000  9.9984371e-003  3.6800434e-003  1.2251520e-003  3.6845616e-004  9.9997085e-005
  1.0000000e+000  2.0000000e+000  9.9981365e-003  3.8874128e-003  1.3832441e-003  4.1047128e-004  1.0005851e-004
  1.0000000e+000  3.0000000e+000  9.9942606e-003  3.8246423e-003  1.3380869e-003  3.9747201e-004  1.0005734e-004
  1.0000000e+000  4.0000000e+000  9.9908410e-003  3.7602356e-003  1.2883403e-003  3.8276510e-004  1.0012260e-004
  1.0000000e+000  5.0000000e+000  9.9967876e-003  3.6962343e-003  1.2454167e-003  3.7061381e-004  9.9927745e-005
  2.0000000e+000  2.0000000e+000  1.0002963e-002  3.6176423e-003  1.2635639e-003  3.8399996e-004  1.0000593e-004
  2.0000000e+000  3.0000000e+000  1.0016947e-002  3.3334754e-003  1.1001618e-003  3.4388519e-004  1.0012800e-004
  2.0000000e+000  4.0000000e+000  1.0020760e-002  3.3221557e-003  1.0549653e-003  3.2673286e-004  9.9786160e-005
  2.0000000e+000  5.0000000e+000  9.9917711e-003  3.3354856e-003  1.0510088e-003  3.2389963e-004  1.0002434e-004
  3.0000000e+000  3.0000000e+000  1.0005553e-002  3.3385542e-003  1.0542834e-003  3.2512504e-004  1.0007479e-004
  3.0000000e+000  4.0000000e+000  1.0025245e-002  3.3318154e-003  1.0431950e-003  3.2090353e-004  9.9660340e-005
  3.0000000e+000  5.0000000e+000  9.9609788e-003  3.3006730e-003  1.0340402e-003  3.1993855e-004  1.0036703e-004
  4.0000000e+000  4.0000000e+000  1.0020051e-002  3.3073294e-003  1.0329470e-003  3.1896463e-004  9.9943427e-005
  4.0000000e+000  5.0000000e+000  1.0019401e-002  3.2918313e-003  1.0266315e-003  3.1763618e-004  9.9953561e-005
  5.0000000e+000  5.0000000e+000  9.9612931e-003  3.2689955e-003  1.0213665e-003  3.1731482e-004  1.0039243e-004
  2.0000000e+000  8.0000000e+000  9.9715758e-003  3.3026147e-003  1.0342137e-003  3.1995475e-004  1.0038513e-004
