  1.0000000e+000  1.0000000e+000  1.0001418e-002  4.4706751e-003  1.5847023e-003  4.1716062e-004  1.0002753e-004
  1.0000000e+000  2.0000000e+000  9.9978560e-003  4.3641869e-003  1.5112321e-003  4.0376665e-004  1.0003285e-004
  1.0000000e+000  3.0000000e+000  1.0000955e-002  4.2248746e-003  1.3918954e-003  3.7906246e-004  9.9919113e-005
  1.0000000e+000  4.0000000e+000  1.0008536e-002  3.9837497e-003  1.2718281e-003  3.5824303e-004  1.0000805e-004
  1.0000000e+000  5.0000000e+000  1.0009216e-002  3.7805222e-003  1.1837760e-003  3.4338607e-004  1.0012789e-004
  2.0000000e+000  2.0000000e+000  1.0002381e-002  4.2224778e-003  1.4216238e-003  3.8784081e-004  1.0006975e-004
  2.0000000e+000  3.0000000e+000  9.9841229e-003  3.7933874e-003  1.2173397e-003  3.5055978e-004  9.9986817e-005
  2.0000000e+000  4.0000000e+000  1.0020037e-002  3.3383542e-003  1.0454872e-003  3.2088520e-004  1.0023619e-004
  2.0000000e+000  5.0000000e+000  1.0033078e-002  3.1381278e-003  9.7147090e-004  3.0641117e-004  9.9848884e-005
  3.0000000e+000  3.0000000e+000  1.0010144e-002  3.1791235e-003  9.8634166e-004  3.0928658e-004  9.9869991e-005
  3.0000000e+000  4.0000000e+000  9.9984760e-003  3.0466110e-003  9.4220052e-004  3.0108763e-004  9.9990898e-005
  3.0000000e+000  5.0000000e+000  9.9703113e-003  3.0040755e-003  9.2866306e-004  2.9803881e-004  9.9602059e-005
  4.0000000e+000  4.0000000e+000  1.0034925e-002  3.0157268e-003  9.3088917e-004  2.9846837e-004  9.9679098e-005
  4.0000000e+000  5.0000000e+000  1.0028540e-002  2.9990756e-003  9.2541582e-004  2.9715832e-004  9.9469469e-005
  5.0000000e+000  5.0000000e+000  1.0019857e-002  2.9994492e-003  9.2836226e-004  2.9921902e-004  1.0055027e-004
  2.0000000e+000  8.0000000e+000  9.9951351e-003  3.0089975e-003  9.2981039e-004  2.9834206e-004  9.9691054e-005
