  1.0000000e+000  1.0000000e+000  4.0685272e+000  4.4366074e+000  4.8046875e+000  5.1727676e+000  5.5408478e+000
  1.0000000e+000  2.0000000e+000  2.0493317e+000  2.2317123e+000  2.4140930e+000  2.5964737e+000  2.7788544e+000
  1.0000000e+000  3.0000000e+000  1.3899994e+000  1.5137863e+000  1.6375732e+000  1.7613602e+000  1.8851471e+000
  1.0000000e+000  4.0000000e+000  1.0669708e+000  1.1626053e+000  1.2582397e+000  1.3538742e+000  1.4495087e+000
  1.0000000e+000  5.0000000e+000  8.7562561e-001  9.5325470e-001  1.0308838e+000  1.1085129e+000  1.1861420e+000
  2.0000000e+000  2.0000000e+000  1.0318756e+000  1.1229706e+000  1.2140656e+000  1.3051605e+000  1.3962555e+000
  2.0000000e+000  3.0000000e+000  7.0396423e-001  7.6560974e-001  8.2725525e-001  8.8890076e-001  9.5054626e-001
  2.0000000e+000  4.0000000e+000  5.4618835e-001  5.9307098e-001  6.3995361e-001  6.8683624e-001  7.3371887e-001
  2.0000000e+000  5.0000000e+000  4.5524597e-001  4.9224854e-001  5.2925110e-001  5.6625366e-001  6.0325623e-001
  3.0000000e+000  3.0000000e+000  4.8927307e-001  5.2989960e-001  5.7052612e-001  6.1115265e-001  6.5177917e-001
  3.0000000e+000  4.0000000e+000  3.9176941e-001  4.2106628e-001  4.5036316e-001  4.7966003e-001  5.0895691e-001
  3.0000000e+000  5.0000000e+000  3.3622742e-001  3.5850525e-001  3.8078308e-001  4.0306091e-001  4.2533875e-001
  4.0000000e+000  4.0000000e+000  3.2203674e-001  3.4248352e-001  3.6293030e-001  3.8337708e-001  4.0382385e-001
  4.0000000e+000  5.0000000e+000  2.8068542e-001  2.9720306e-001  3.1372070e-001  3.3023834e-001  3.4675598e-001
  5.0000000e+000  5.0000000e+000  2.4650574e-001  2.6054382e-001  2.7458191e-001  2.8862000e-001  3.0265808e-001
  2.0000000e+000  8.0000000e+000  3.2524109e-001  3.4633636e-001  3.6743164e-001  3.8852692e-001  4.0962219e-001
