  1.0000000e+000  1.0000000e+000  3.2390594e+000  3.5055923e+000  3.7721252e+000  4.0386581e+000  4.3051910e+000
  1.0000000e+000  2.0000000e+000  1.6344452e+000  1.7649460e+000  1.8954468e+000  2.0259476e+000  2.1564484e+000
  1.0000000e+000  3.0000000e+000  1.1199188e+000  1.2032700e+000  1.2866211e+000  1.3699722e+000  1.4533234e+000
  1.0000000e+000  4.0000000e+000  8.7196350e-001  9.3284607e-001  9.9372864e-001  1.0546112e+000  1.1154938e+000
  1.0000000e+000  5.0000000e+000  7.2654724e-001  7.7472687e-001  8.2290649e-001  8.7108612e-001  9.1926575e-001
  2.0000000e+000  2.0000000e+000  8.2832336e-001  8.9241028e-001  9.5649719e-001  1.0205841e+000  1.0846710e+000
  2.0000000e+000  3.0000000e+000  5.8082581e-001  6.2084198e-001  6.6085815e-001  7.0087433e-001  7.4089050e-001
  2.0000000e+000  4.0000000e+000  4.6913147e-001  4.9781799e-001  5.2650452e-001  5.5519104e-001  5.8387756e-001
  2.0000000e+000  5.0000000e+000  4.0565491e-001  4.2873383e-001  4.5181274e-001  4.7489166e-001  4.9797058e-001
  3.0000000e+000  3.0000000e+000  4.3174744e-001  4.5673370e-001  4.8171997e-001  5.0670624e-001  5.3169250e-001
  3.0000000e+000  4.0000000e+000  3.6216736e-001  3.8204193e-001  4.0191650e-001  4.2179108e-001  4.4166565e-001
  3.0000000e+000  5.0000000e+000  3.1898499e-001  3.3626556e-001  3.5354614e-001  3.7082672e-001  3.8810730e-001
  4.0000000e+000  4.0000000e+000  3.0769348e-001  3.2436371e-001  3.4103394e-001  3.5770416e-001  3.7437439e-001
  4.0000000e+000  5.0000000e+000  2.7244568e-001  2.8713226e-001  3.0181885e-001  3.1650543e-001  3.3119202e-001
  5.0000000e+000  5.0000000e+000  2.4192810e-001  2.5489807e-001  2.6786804e-001  2.8083801e-001  2.9380798e-001
  2.0000000e+000  8.0000000e+000  3.0845642e-001  3.2516479e-001  3.4187317e-001  3.5858154e-001  3.7528992e-001
