   1.0000000e+00   1.0000000e+00   3.3589935e+00   3.8292313e+00   4.2994690e+00   4.7697067e+00   5.2399445e+00
   1.0000000e+00   2.0000000e+00   1.7255402e+00   1.9470596e+00   2.1685791e+00   2.3900986e+00   2.6116180e+00
   1.0000000e+00   3.0000000e+00   1.1791229e+00   1.3278580e+00   1.4765930e+00   1.6253281e+00   1.7740631e+00
   1.0000000e+00   4.0000000e+00   9.1133118e-01   1.0242844e+00   1.1372375e+00   1.2501907e+00   1.3631439e+00
   1.0000000e+00   5.0000000e+00   7.5279236e-01   8.4342957e-01   9.3406677e-01   1.0247040e+00   1.1153412e+00
   2.0000000e+00   2.0000000e+00   8.7471008e-01   9.8426819e-01   1.0938263e+00   1.2033844e+00   1.3129425e+00
   2.0000000e+00   3.0000000e+00   6.0585022e-01   6.7802429e-01   7.5019836e-01   8.2237244e-01   8.9454651e-01
   2.0000000e+00   4.0000000e+00   4.7874451e-01   5.3153992e-01   5.8433533e-01   6.3713074e-01   6.8992615e-01
   2.0000000e+00   5.0000000e+00   4.0550232e-01   4.4601440e-01   4.8652649e-01   5.2703857e-01   5.6755066e-01
   3.0000000e+00   3.0000000e+00   4.3403625e-01   4.7897339e-01   5.2391052e-01   5.6884766e-01   6.1378479e-01
   3.0000000e+00   4.0000000e+00   3.5514832e-01   3.8639069e-01   4.1763306e-01   4.4887543e-01   4.8011780e-01
   3.0000000e+00   5.0000000e+00   3.0830383e-01   3.3222198e-01   3.5614014e-01   3.8005829e-01   4.0397644e-01
   4.0000000e+00   4.0000000e+00   2.9609680e-01   3.1826019e-01   3.4042358e-01   3.6258698e-01   3.8475037e-01
   4.0000000e+00   5.0000000e+00   2.5978088e-01   2.7793884e-01   2.9609680e-01   3.1425476e-01   3.3241272e-01
   5.0000000e+00   5.0000000e+00   2.2911072e-01   2.4452209e-01   2.5993347e-01   2.7534485e-01   2.9075623e-01
   2.0000000e+00   8.0000000e+00   2.9808044e-01   3.2104492e-01   3.4400940e-01   3.6697388e-01   3.8993835e-01
