  1.0000000e+000  1.0000000e+000  4.2465973e+000  4.5872116e+000  4.9278259e+000  5.2684402e+000  5.6090546e+000
  1.0000000e+000  2.0000000e+000  2.1382904e+000  2.3068619e+000  2.4754333e+000  2.6440048e+000  2.8125763e+000
  1.0000000e+000  3.0000000e+000  1.4470673e+000  1.5621185e+000  1.6771698e+000  1.7922211e+000  1.9072723e+000
  1.0000000e+000  4.0000000e+000  1.1081696e+000  1.1978149e+000  1.2874603e+000  1.3771057e+000  1.4667511e+000
  1.0000000e+000  5.0000000e+000  9.0812683e-001  9.8114014e-001  1.0541534e+000  1.1271667e+000  1.2001801e+000
  2.0000000e+000  2.0000000e+000  1.0756683e+000  1.1600494e+000  1.2444305e+000  1.3288116e+000  1.4131927e+000
  2.0000000e+000  3.0000000e+000  7.3143005e-001  7.8903198e-001  8.4663391e-001  9.0423584e-001  9.6183777e-001
  2.0000000e+000  4.0000000e+000  5.6480408e-001  6.0924530e-001  6.5368652e-001  6.9812775e-001  7.4256897e-001
  2.0000000e+000  5.0000000e+000  4.6867371e-001  5.0415039e-001  5.3962708e-001  5.7510376e-001  6.1058044e-001
  3.0000000e+000  3.0000000e+000  5.0483704e-001  5.4351807e-001  5.8219910e-001  6.2088013e-001  6.5956116e-001
  3.0000000e+000  4.0000000e+000  4.0122986e-001  4.2964935e-001  4.5806885e-001  4.8648834e-001  5.1490784e-001
  3.0000000e+000  5.0000000e+000  3.4294128e-001  3.6468506e-001  3.8642883e-001  4.0817261e-001  4.2991638e-001
  4.0000000e+000  4.0000000e+000  3.2798767e-001  3.4793854e-001  3.6788940e-001  3.8784027e-001  4.0779114e-001
  4.0000000e+000  5.0000000e+000  2.8526306e-001  3.0136108e-001  3.1745911e-001  3.3355713e-001  3.4965515e-001
  5.0000000e+000  5.0000000e+000  2.5001526e-001  2.6374817e-001  2.7748108e-001  2.9121399e-001  3.0494690e-001
  2.0000000e+000  8.0000000e+000  3.3180237e-001  3.5228729e-001  3.7277222e-001  3.9325714e-001  4.1374207e-001
