  1.0000000e+000  1.0000000e+000  3.0997467e+000  3.3880234e+000  3.6763000e+000  3.9645767e+000  4.2528534e+000
  1.0000000e+000  2.0000000e+000  1.5670013e+000  1.7078400e+000  1.8486786e+000  1.9895172e+000  2.1303558e+000
  1.0000000e+000  3.0000000e+000  1.0784149e+000  1.1679459e+000  1.2574768e+000  1.3470078e+000  1.4365387e+000
  1.0000000e+000  4.0000000e+000  8.4327698e-001  9.0824127e-001  9.7320557e-001  1.0381699e+000  1.1031342e+000
  1.0000000e+000  5.0000000e+000  7.0487976e-001  7.5603485e-001  8.0718994e-001  8.5834503e-001  9.0950012e-001
  2.0000000e+000  2.0000000e+000  7.9734802e-001  8.6589813e-001  9.3444824e-001  1.0029984e+000  1.0715485e+000
  2.0000000e+000  3.0000000e+000  5.6495667e-001  6.0688019e-001  6.4880371e-001  6.9072723e-001  7.3265076e-001
  2.0000000e+000  4.0000000e+000  4.5997620e-001  4.8954010e-001  5.1910400e-001  5.4866791e-001  5.7823181e-001
  2.0000000e+000  5.0000000e+000  3.9909363e-001  4.2274475e-001  4.4639587e-001  4.7004700e-001  4.9369812e-001
  3.0000000e+000  3.0000000e+000  4.2442322e-001  4.5005798e-001  4.7569275e-001  5.0132751e-001  5.2696228e-001
  3.0000000e+000  4.0000000e+000  3.5697937e-001  3.7731171e-001  3.9764404e-001  4.1797638e-001  4.3830872e-001
  3.0000000e+000  5.0000000e+000  3.1455994e-001  3.3222198e-001  3.4988403e-001  3.6754608e-001  3.8520813e-001
  4.0000000e+000  4.0000000e+000  3.0357361e-001  3.2058716e-001  3.3760071e-001  3.5461426e-001  3.7162781e-001
  4.0000000e+000  5.0000000e+000  2.6893616e-001  2.8388977e-001  2.9884338e-001  3.1379700e-001  3.2875061e-001
  5.0000000e+000  5.0000000e+000  2.3887634e-001  2.5211334e-001  2.6535034e-001  2.7858734e-001  2.9182434e-001
  2.0000000e+000  8.0000000e+000  3.0433655e-001  3.2135010e-001  3.3836365e-001  3.5537720e-001  3.7239075e-001
