  1.0000000e+000  1.0000000e+000  2.5421906e+000  2.8727341e+000  3.2032776e+000  3.5338211e+000  3.8643646e+000
  1.0000000e+000  2.0000000e+000  1.3260651e+000  1.4947128e+000  1.6633606e+000  1.8320084e+000  2.0006561e+000
  1.0000000e+000  3.0000000e+000  9.2689514e-001  1.0335541e+000  1.1402130e+000  1.2468719e+000  1.3535309e+000
  1.0000000e+000  4.0000000e+000  7.3478699e-001  8.1165314e-001  8.8851929e-001  9.6538544e-001  1.0422516e+000
  1.0000000e+000  5.0000000e+000  6.2126160e-001  6.8134308e-001  7.4142456e-001  8.0150604e-001  8.6158752e-001
  2.0000000e+000  2.0000000e+000  6.9053650e-001  7.6972961e-001  8.4892273e-001  9.2811584e-001  1.0073090e+000
  2.0000000e+000  3.0000000e+000  5.0758362e-001  5.5385590e-001  6.0012817e-001  6.4640045e-001  6.9267273e-001
  2.0000000e+000  4.0000000e+000  4.2137146e-001  4.5372009e-001  4.8606873e-001  5.1841736e-001  5.5076599e-001
  2.0000000e+000  5.0000000e+000  3.6888123e-001  3.9489746e-001  4.2091370e-001  4.4692993e-001  4.7294617e-001
  3.0000000e+000  3.0000000e+000  3.9131165e-001  4.1950226e-001  4.4769287e-001  4.7588348e-001  5.0407410e-001
  3.0000000e+000  4.0000000e+000  3.3149719e-001  3.5392761e-001  3.7635803e-001  3.9878845e-001  4.2121887e-001
  3.0000000e+000  5.0000000e+000  2.9319763e-001  3.1253815e-001  3.3187866e-001  3.5121918e-001  3.7055969e-001
  4.0000000e+000  4.0000000e+000  2.8297424e-001  3.0162811e-001  3.2028198e-001  3.3893585e-001  3.5758972e-001
  4.0000000e+000  5.0000000e+000  2.5108337e-001  2.6744843e-001  2.8381348e-001  3.0017853e-001  3.1654358e-001
  5.0000000e+000  5.0000000e+000  2.2331238e-001  2.3773193e-001  2.5215149e-001  2.6657104e-001  2.8099060e-001
  2.0000000e+000  8.0000000e+000  2.8358459e-001  3.0227661e-001  3.2096863e-001  3.3966064e-001  3.5835266e-001
