  1.0000000e+000  1.0000000e+000  1.0000370e-002  4.3343508e-003  1.5134250e-003  4.0567717e-004  9.9980391e-005
  1.0000000e+000  2.0000000e+000  1.0000061e-002  4.3575723e-003  1.4949769e-003  3.9978958e-004  1.0001617e-004
  1.0000000e+000  3.0000000e+000  9.9993559e-003  4.5227089e-003  1.5659972e-003  4.0634855e-004  1.0001949e-004
  1.0000000e+000  4.0000000e+000  9.9998928e-003  4.4799830e-003  1.5832204e-003  4.1119749e-004  9.9978839e-005
  1.0000000e+000  5.0000000e+000  9.9960454e-003  4.3724031e-003  1.5554815e-003  4.0782566e-004  1.0002012e-004
  2.0000000e+000  2.0000000e+000  1.0002607e-002  4.3711220e-003  1.4786980e-003  3.9547263e-004  9.9955862e-005
  2.0000000e+000  3.0000000e+000  1.0000301e-002  4.4156750e-003  1.4979742e-003  3.9676957e-004  1.0008412e-004
  2.0000000e+000  4.0000000e+000  1.0011185e-002  4.1898638e-003  1.4400741e-003  3.9108788e-004  9.9928275e-005
  2.0000000e+000  5.0000000e+000  1.0011978e-002  3.8912526e-003  1.3312346e-003  3.7485216e-004  9.9917033e-005
  3.0000000e+000  3.0000000e+000  9.9879031e-003  4.1102797e-003  1.3841524e-003  3.8150571e-004  1.0021312e-004
  3.0000000e+000  4.0000000e+000  1.0022756e-002  3.5715622e-003  1.1903504e-003  3.5112458e-004  9.9948923e-005
  3.0000000e+000  5.0000000e+000  9.9807191e-003  3.2652805e-003  1.0475336e-003  3.2302531e-004  9.9665855e-005
  4.0000000e+000  4.0000000e+000  1.0032131e-002  3.2413098e-003  1.0206122e-003  3.1695974e-004  9.9984000e-005
  4.0000000e+000  5.0000000e+000  9.9564783e-003  3.0992517e-003  9.6185263e-004  3.0491264e-004  9.9928156e-005
  5.0000000e+000  5.0000000e+000  1.0059588e-002  3.0592551e-003  9.4442083e-004  3.0132772e-004  9.9936033e-005
  2.0000000e+000  8.0000000e+000  9.9992166e-003  3.3333720e-003  1.0508250e-003  3.2224075e-004  1.0016323e-004
