  1.0000000e+000  1.0000000e+000  1.0000904e-002  4.3969877e-003  1.5929289e-003  4.3835118e-004  1.0002139e-004
  1.0000000e+000  2.0000000e+000  1.0001563e-002  4.3309329e-003  1.5370738e-003  4.2465077e-004  1.0006822e-004
  1.0000000e+000  3.0000000e+000  1.0003329e-002  4.1971622e-003  1.4485288e-003  4.0078218e-004  1.0010311e-004
  1.0000000e+000  4.0000000e+000  1.0005479e-002  4.0076197e-003  1.3375529e-003  3.7680070e-004  9.9849633e-005
  1.0000000e+000  5.0000000e+000  1.0001768e-002  3.8582894e-003  1.2551587e-003  3.6013222e-004  9.9953225e-005
  2.0000000e+000  2.0000000e+000  9.9973001e-003  4.1509024e-003  1.4426027e-003  4.0399924e-004  1.0015329e-004
  2.0000000e+000  3.0000000e+000  9.9913531e-003  3.6829173e-003  1.2247624e-003  3.5872021e-004  1.0008040e-004
  2.0000000e+000  4.0000000e+000  1.0018380e-002  3.3230050e-003  1.0551720e-003  3.2450575e-004  1.0001994e-004
  2.0000000e+000  5.0000000e+000  1.0027316e-002  3.1906475e-003  9.9369115e-004  3.1137498e-004  1.0001295e-004
  3.0000000e+000  3.0000000e+000  1.0028937e-002  3.2264341e-003  1.0086747e-003  3.1453954e-004  1.0006075e-004
  3.0000000e+000  4.0000000e+000  1.0035569e-002  3.1243171e-003  9.6764041e-004  3.0622532e-004  1.0016851e-004
  3.0000000e+000  5.0000000e+000  9.9900414e-003  3.0782245e-003  9.5400528e-004  3.0399334e-004  1.0040056e-004
  4.0000000e+000  4.0000000e+000  1.0010155e-002  3.0705032e-003  9.4891968e-004  3.0178110e-004  9.9523340e-005
  4.0000000e+000  5.0000000e+000  1.0006654e-002  3.0515527e-003  9.4285039e-004  3.0058179e-004  9.9483210e-005
  5.0000000e+000  5.0000000e+000  9.9790903e-003  3.0396521e-003  9.4103145e-004  3.0097248e-004  9.9978951e-005
  2.0000000e+000  8.0000000e+000  1.0047861e-002  3.0895059e-003  9.5601757e-004  3.0425693e-004  1.0038231e-004
