  1.0000000e+000  1.0000000e+000  1.0001067e-002  4.4013528e-003  1.5835715e-003  4.3271775e-004  1.0002424e-004
  1.0000000e+000  2.0000000e+000  9.9965862e-003  4.3257307e-003  1.5239037e-003  4.1895240e-004  9.9994654e-005
  1.0000000e+000  3.0000000e+000  1.0004935e-002  4.1932349e-003  1.4318283e-003  3.9511478e-004  9.9893837e-005
  1.0000000e+000  4.0000000e+000  9.9955251e-003  3.9909037e-003  1.3207939e-003  3.7257547e-004  9.9953171e-005
  1.0000000e+000  5.0000000e+000  9.9950479e-003  3.8354517e-003  1.2386613e-003  3.5645681e-004  1.0002401e-004
  2.0000000e+000  2.0000000e+000  1.0005070e-002  4.1617209e-003  1.4340026e-003  3.9974367e-004  9.9993096e-005
  2.0000000e+000  3.0000000e+000  9.9881906e-003  3.7017485e-003  1.2226912e-003  3.5688306e-004  9.9981048e-005
  2.0000000e+000  4.0000000e+000  9.9750035e-003  3.3115757e-003  1.0499877e-003  3.2309247e-004  9.9915727e-005
  2.0000000e+000  5.0000000e+000  1.0002029e-002  3.1734509e-003  9.8803896e-004  3.1022388e-004  9.9981004e-005
  3.0000000e+000  3.0000000e+000  9.9672813e-003  3.2015851e-003  1.0010357e-003  3.1295495e-004  9.9975798e-005
  3.0000000e+000  4.0000000e+000  9.9700085e-003  3.0912665e-003  9.5738466e-004  3.0363194e-004  9.9635324e-005
  3.0000000e+000  5.0000000e+000  1.0045146e-002  3.0729058e-003  9.4906694e-004  3.0196803e-004  9.9687700e-005
  4.0000000e+000  4.0000000e+000  1.0029161e-002  3.0630486e-003  9.4599660e-004  3.0118493e-004  9.9520981e-005
  4.0000000e+000  5.0000000e+000  1.0011621e-002  3.0438007e-003  9.4083168e-004  3.0052242e-004  9.9727941e-005
  5.0000000e+000  5.0000000e+000  9.9996444e-003  3.0298502e-003  9.3616520e-004  2.9931287e-004  9.9476901e-005
  2.0000000e+000  8.0000000e+000  9.9680167e-003  3.0591605e-003  9.4852477e-004  3.0299693e-004  1.0041009e-004
