  1.0000000e+000  1.0000000e+000  1.0001440e-002  4.3149810e-003  1.5238854e-003  4.2073035e-004  9.9999564e-005
  1.0000000e+000  2.0000000e+000  1.0001049e-002  4.3476444e-003  1.5253718e-003  4.1734510e-004  1.0002609e-004
  1.0000000e+000  3.0000000e+000  9.9951835e-003  4.3498698e-003  1.5717429e-003  4.2316222e-004  9.9998965e-005
  1.0000000e+000  4.0000000e+000  1.0005830e-002  4.2264544e-003  1.5488193e-003  4.2240897e-004  1.0003823e-004
  1.0000000e+000  5.0000000e+000  1.0007493e-002  4.1191684e-003  1.5075247e-003  4.1595531e-004  9.9867901e-005
  2.0000000e+000  2.0000000e+000  1.0003805e-002  4.3441079e-003  1.5166692e-003  4.1339189e-004  9.9980555e-005
  2.0000000e+000  3.0000000e+000  1.0002229e-002  4.2554250e-003  1.5071057e-003  4.1095571e-004  9.9997902e-005
  2.0000000e+000  4.0000000e+000  9.9975357e-003  3.9714372e-003  1.4023093e-003  3.9603593e-004  9.9808159e-005
  2.0000000e+000  5.0000000e+000  9.9927265e-003  3.6943445e-003  1.2801055e-003  3.7516923e-004  1.0000207e-004
  3.0000000e+000  3.0000000e+000  9.9933183e-003  3.8943310e-003  1.3546319e-003  3.8607845e-004  1.0019841e-004
  3.0000000e+000  4.0000000e+000  1.0026188e-002  3.4219845e-003  1.1441724e-003  3.4786053e-004  9.9763330e-005
  3.0000000e+000  5.0000000e+000  1.0031553e-002  3.2353985e-003  1.0359188e-003  3.2315334e-004  9.9857447e-005
  4.0000000e+000  4.0000000e+000  1.0015578e-002  3.2238118e-003  1.0192092e-003  3.1780107e-004  9.9784871e-005
  4.0000000e+000  5.0000000e+000  1.0003589e-002  3.1505212e-003  9.7940977e-004  3.0820848e-004  9.9702625e-005
  5.0000000e+000  5.0000000e+000  9.9812989e-003  3.0904316e-003  9.5628171e-004  3.0309280e-004  9.9414010e-005
  2.0000000e+000  8.0000000e+000  1.0029188e-002  3.3087520e-003  1.0528443e-003  3.2449970e-004  1.0009127e-004
