  1.0000000e+000  1.0000000e+000  1.0000524e-002  4.3252989e-003  1.5361367e-003  4.2618520e-004  1.0001857e-004
  1.0000000e+000  2.0000000e+000  9.9971470e-003  4.3582282e-003  1.5416394e-003  4.2335953e-004  1.0003643e-004
  1.0000000e+000  3.0000000e+000  1.0001052e-002  4.3226929e-003  1.5793367e-003  4.2873823e-004  9.9981998e-005
  1.0000000e+000  4.0000000e+000  1.0006345e-002  4.1795633e-003  1.5456327e-003  4.2627827e-004  1.0002647e-004
  1.0000000e+000  5.0000000e+000  9.9933045e-003  4.0692316e-003  1.4998743e-003  4.1901435e-004  9.9929833e-005
  2.0000000e+000  2.0000000e+000  9.9962843e-003  4.3448941e-003  1.5324513e-003  4.1905949e-004  9.9932610e-005
  2.0000000e+000  3.0000000e+000  9.9956534e-003  4.2205720e-003  1.5120220e-003  4.1523406e-004  9.9976061e-005
  2.0000000e+000  4.0000000e+000  9.9889864e-003  3.9241322e-003  1.3951313e-003  3.9765759e-004  9.9782790e-005
  2.0000000e+000  5.0000000e+000  9.9863765e-003  3.6541428e-003  1.2698547e-003  3.7563589e-004  1.0011131e-004
  3.0000000e+000  3.0000000e+000  1.0000303e-002  3.8419629e-003  1.3456534e-003  3.8617309e-004  9.9768018e-005
  3.0000000e+000  4.0000000e+000  9.9970149e-003  3.3881008e-003  1.1354922e-003  3.4828904e-004  1.0030969e-004
  3.0000000e+000  5.0000000e+000  9.9991417e-003  3.2210221e-003  1.0308819e-003  3.2229089e-004  9.9651819e-005
  4.0000000e+000  4.0000000e+000  9.9919283e-003  3.2171857e-003  1.0177107e-003  3.1749350e-004  9.9575512e-005
  4.0000000e+000  5.0000000e+000  1.0036871e-002  3.1678800e-003  9.8406338e-004  3.0880333e-004  9.9496473e-005
  5.0000000e+000  5.0000000e+000  9.9762699e-003  3.1112579e-003  9.6600635e-004  3.0652279e-004  1.0053086e-004
  2.0000000e+000  8.0000000e+000  1.0018366e-002  3.2993793e-003  1.0507458e-003  3.2390116e-004  9.9668758e-005
